------------------
Start address  = 0
Data length    = 4096
Sample size    = 2
Sample res     = -32768
Sample offset  = -16
Input range    = 2000
Dc offset      = 0
Segment count  = 1
Segment number = 1
------------------
0.2471
0.4204
0.4639
0.3481
0.4282
0.4072
0.4551
0.4116
0.4580
0.4248
0.4238
0.4292
0.4331
0.4365
0.4468
0.4375
0.4404
0.4395
0.4468
0.4424
0.4438
0.4458
0.4414
0.4453
0.4438
0.4473
0.4448
0.4487
0.4453
0.4448
0.4448
0.4492
0.4463
0.4463
0.4468
0.4492
0.4497
0.4487
0.4492
0.4502
0.4492
0.4507
0.4487
0.4502
0.4502
0.4517
0.4502
0.4531
0.4502
0.4517
0.4512
0.4526
0.4517
0.4526
0.4507
0.4546
0.4526
0.4531
0.4517
0.4517
0.4531
0.4536
0.4517
0.4541
0.4521
0.4556
0.4536
0.4551
0.4536
0.4561
0.4541
0.4546
0.4521
0.4546
0.4541
0.4551
0.4546
0.4546
0.4546
0.4551
0.4556
0.4565
0.4541
0.4561
0.4565
0.4546
0.4570
0.4556
0.4561
0.4561
0.4561
0.4570
0.4551
0.4561
0.4556
0.4570
0.4570
0.4561
0.4575
0.4585
0.4526
0.4585
0.4561
0.4575
0.4551
0.4580
0.4561
0.4575
0.4575
0.4580
0.4565
0.4580
0.4570
0.4570
0.4595
0.4590
0.4575
0.4575
0.4595
0.4575
0.4585
0.4575
0.4585
0.4580
0.4561
0.4595
0.4561
0.4600
0.4585
0.4585
0.4580
0.4590
0.4590
0.4590
0.4595
0.4595
0.4595
0.4604
0.4595
0.4585
0.4590
0.4590
0.4585
0.4600
0.4595
0.4590
0.4600
0.4619
0.4575
0.4609
0.4609
0.4609
0.4595
0.4609
0.4595
0.4609
0.4590
0.4624
0.4600
0.4595
0.4590
0.4604
0.4580
0.4619
0.4600
0.4604
0.4600
0.4595
0.4604
0.4600
0.4580
0.4604
0.4624
0.4629
0.4590
0.4600
0.4600
0.4639
0.4600
0.4614
0.4614
0.4609
0.4614
0.4614
0.4604
0.4634
0.4609
0.4634
0.4609
0.4624
0.4624
0.4600
0.4619
0.4619
0.4609
0.4629
0.4614
0.4624
0.4634
0.4634
0.4634
0.4614
0.4614
0.4614
0.4614
0.4624
0.4609
0.4629
0.4595
0.4619
0.4639
0.4629
0.4624
0.4604
0.4619
0.4629
0.4614
0.4644
0.4619
0.4658
0.4629
0.4619
0.4629
0.4629
0.4634
0.4644
0.4629
0.4634
0.4629
0.4629
0.4639
0.4634
0.4619
0.4639
0.4629
0.4609
0.4624
0.4629
0.4653
0.4634
0.4624
0.4629
0.4629
0.4609
0.4624
0.4644
0.4634
0.4634
0.4639
0.4653
0.4624
0.4644
0.4639
0.4648
0.4624
0.4648
0.4629
0.4639
0.4634
0.4644
0.4644
0.4644
0.4614
0.4639
0.4653
0.4639
0.4629
0.4648
0.4648
0.4668
0.4653
0.4658
0.4634
0.4634
0.4639
0.4653
0.4648
0.4648
0.4644
0.4663
0.4639
0.4663
0.4634
0.4658
0.4619
0.4648
0.4639
0.4644
0.4658
0.4668
0.4644
0.4644
0.4658
0.4648
0.4648
0.4648
0.4658
0.4648
0.4663
0.4658
0.4644
0.4639
0.4648
0.4653
0.4629
0.4644
0.4668
0.4653
0.4639
0.4653
0.4658
0.4648
0.4639
0.4673
0.4644
0.4653
0.4648
0.4639
0.4653
0.4668
0.4639
0.4653
0.4648
0.4668
0.4653
0.4648
0.4653
0.4668
0.4663
0.4673
0.4668
0.4668
0.4653
0.4673
0.4658
0.4663
0.4648
0.4678
0.4663
0.4673
0.4663
0.4663
0.4668
0.4653
0.4653
0.4663
0.4668
0.4663
0.4653
0.4663
0.4683
0.4668
0.4658
0.4668
0.4688
0.4668
0.4653
0.4653
0.4663
0.4688
0.4663
0.4688
0.4673
0.4668
0.4663
0.4663
0.4663
0.4692
0.4648
0.4683
0.4648
0.4678
0.4688
0.4673
0.4668
0.4668
0.4673
0.4663
0.4673
0.4683
0.4683
0.4658
0.4688
0.4673
0.4658
0.4678
0.4663
0.4692
0.4668
0.4688
0.4678
0.4668
0.4688
0.4663
0.4653
0.4683
0.4663
0.4688
0.4683
0.4688
0.4663
0.4683
0.4678
0.4692
0.4678
0.4683
0.4683
0.4678
0.4668
0.4668
0.4668
0.4678
0.4678
0.4683
0.4658
0.4673
0.4683
0.4663
0.4673
0.4678
0.4683
0.4692
0.4673
0.4697
0.4668
0.4683
0.4668
0.4688
0.4683
0.4683
0.4668
0.4683
0.4678
0.4688
0.4668
0.4683
0.4673
0.4678
0.4673
0.4673
0.4678
0.4683
0.4673
0.4668
0.4683
0.4683
0.4683
0.4648
0.4683
0.4683
0.4678
0.4678
0.4688
0.4692
0.4678
0.4688
0.4668
0.4683
0.4673
0.4678
0.4668
0.4683
0.4707
0.4683
0.4678
0.4678
0.4692
0.4673
0.4702
0.4688
0.4692
0.4688
0.4692
0.4692
0.4653
0.4678
0.4673
0.4692
0.4688
0.4697
0.4688
0.4683
0.4678
0.4702
0.4688
0.4692
0.4678
0.4702
0.4668
0.4712
0.4678
0.4707
0.4673
0.4692
0.4683
0.4688
0.4688
0.4707
0.4688
0.4692
0.4673
0.4702
0.4673
0.4678
0.4688
0.4688
0.4683
0.4692
0.4688
0.4688
0.4692
0.4683
0.4697
0.4688
0.4692
0.4702
0.4697
0.4702
0.4697
0.4692
0.4697
0.4692
0.4702
0.4688
0.4692
0.4697
0.4692
0.4717
0.4697
0.4678
0.4697
0.4688
0.4697
0.4707
0.4697
0.4692
0.4697
0.4692
0.4702
0.4712
0.4697
0.4697
0.4683
0.4688
0.4697
0.4697
0.4702
0.4712
0.4678
0.4683
0.4688
0.4688
0.4707
0.4712
0.4683
0.4692
0.4712
0.4692
0.4702
0.4707
0.4678
0.4702
0.4707
0.4692
0.4697
0.4712
0.4712
0.4692
0.4712
0.4707
0.4688
0.4697
0.4702
0.4697
0.4688
0.4692
0.4702
0.4702
0.4692
0.4697
0.4712
0.4707
0.4717
0.4712
0.4707
0.4683
0.4707
0.4697
0.4702
0.4707
0.4692
0.4717
0.4692
0.4702
0.4692
0.4697
0.4707
0.4717
0.4692
0.4727
0.4692
0.4697
0.4697
0.4712
0.4707
0.4702
0.4702
0.4697
0.4688
0.4717
0.4678
0.4717
0.4697
0.4688
0.4697
0.4702
0.4697
0.4722
0.4688
0.4717
0.4712
0.4717
0.4707
0.4697
0.4712
0.4702
0.4697
0.4702
0.4702
0.4717
0.4692
0.4707
0.4692
0.4707
0.4712
0.4727
0.4707
0.4702
0.4707
0.4702
0.4692
0.4717
0.4717
0.4697
0.4702
0.4712
0.4702
0.4736
0.4707
0.4707
0.4707
0.4702
0.4683
0.4707
0.4702
0.4707
0.4692
0.4692
0.4702
0.4712
0.4707
0.4697
0.4697
0.4727
0.4712
0.4712
0.4707
0.4707
0.4712
0.4722
0.4707
0.4697
0.4707
0.4727
0.4722
0.4722
0.4712
0.4707
0.4697
0.4722
0.4702
0.4736
0.4707
0.4717
0.4712
0.4717
0.4707
0.4707
0.4692
0.4702
0.4712
0.4702
0.4707
0.4712
0.4697
0.4722
0.4702
0.4717
0.4717
0.4717
0.4717
0.4731
0.4722
0.4722
0.4707
0.4722
0.4707
0.4722
0.4712
0.4731
0.4707
0.4707
0.4712
0.4717
0.4702
0.4741
0.4712
0.4736
0.4717
0.4722
0.4727
0.4712
0.4717
0.4736
0.4707
0.4731
0.4717
0.4727
0.4707
0.4731
0.4702
0.4751
0.4717
0.4717
0.4707
0.4712
0.4722
0.4727
0.4717
0.4736
0.4712
0.4692
0.4727
0.4717
0.4707
0.4722
0.4712
0.4731
0.4702
0.4717
0.4722
0.4717
0.4722
0.4717
0.4712
0.4697
0.4697
0.4731
0.4702
0.4736
0.4712
0.4736
0.4712
0.4736
0.4717
0.4727
0.4722
0.4727
0.4727
0.4727
0.4727
0.4722
0.4712
0.4722
0.4717
0.4722
0.4717
0.4731
0.4717
0.4731
0.4731
0.4717
0.4727
0.4731
0.4722
0.4727
0.4717
0.4736
0.4731
0.4712
0.4712
0.4731
0.4727
0.4731
0.4736
0.4722
0.4722
0.4741
0.4707
0.4717
0.4712
0.4722
0.4727
0.4731
0.4717
0.4727
0.4722
0.4722
0.4707
0.4722
0.4717
0.4736
0.4717
0.4722
0.4727
0.4731
0.4707
0.4736
0.4722
0.4761
0.4717
0.4746
0.4717
0.4727
0.4741
0.4707
0.4727
0.4717
0.4731
0.4712
0.4722
0.4731
0.4722
0.4731
0.4746
0.4727
0.4727
0.4722
0.4731
0.4741
0.4717
0.4731
0.4727
0.4727
0.4731
0.4712
0.4741
0.4717
0.4722
0.4722
0.4731
0.4731
0.4727
0.4751
0.4707
0.4751
0.4731
0.4717
0.4717
0.4736
0.4731
0.4727
0.4731
0.4746
0.4727
0.4756
0.4722
0.4741
0.4717
0.4736
0.4731
0.4727
0.4736
0.4751
0.4712
0.4731
0.4736
0.4727
0.4761
0.4722
0.4736
0.4736
0.4746
0.4717
0.4727
0.4731
0.4727
0.4741
0.4727
0.4731
0.4731
0.4736
0.4741
0.4727
0.4727
0.4731
0.4722
0.4736
0.4727
0.4727
0.4712
0.4727
0.4717
0.4722
0.4731
0.4722
0.4717
0.4746
0.4712
0.4756
0.4731
0.4736
0.4741
0.4746
0.4722
0.4731
0.4736
0.4746
0.4741
0.4746
0.4736
0.4717
0.4727
0.4746
0.4717
0.4741
0.4727
0.4746
0.4722
0.4751
0.4722
0.4741
0.4717
0.4736
0.4727
0.4736
0.4722
0.4741
0.4746
0.4727
0.4727
0.4741
0.4731
0.4727
0.4727
0.4751
0.4722
0.4756
0.4756
0.4741
0.4731
0.4741
0.4746
0.4736
0.4741
0.4731
0.4731
0.4746
0.4736
0.4751
0.4717
0.4731
0.4727
0.4756
0.4736
0.4741
0.4761
0.4736
0.4751
0.4741
0.4736
0.4746
0.4727
0.4741
0.4741
0.4756
0.4731
0.4756
0.4741
0.4756
0.4736
0.4741
0.4736
0.4756
0.4756
0.4756
0.4751
0.4741
0.4741
0.4746
0.4746
0.4756
0.4736
0.4736
0.4741
0.4736
0.4741
0.4736
0.4756
0.4741
0.4746
0.4741
0.4736
0.4751
0.4746
0.4756
0.4756
0.4751
0.4731
0.4746
0.4727
0.4746
0.4731
0.4741
0.4722
0.4736
0.4722
0.4736
0.4756
0.4746
0.4751
0.4736
0.4746
0.4751
0.4751
0.4751
0.4727
0.4746
0.4746
0.4746
0.4746
0.4746
0.4731
0.4756
0.4727
0.4756
0.4746
0.4736
0.4727
0.4756
0.4731
0.4727
0.4756
0.4766
0.4731
0.4751
0.4736
0.4751
0.4727
0.4761
0.4736
0.4741
0.4736
0.4731
0.4751
0.4756
0.4741
0.4736
0.4731
0.4741
0.4756
0.4731
0.4741
0.4746
0.4736
0.4736
0.4751
0.4761
0.4756
0.4761
0.4746
0.4761
0.4736
0.4751
0.4751
0.4761
0.4731
0.4741
0.4731
0.4736
0.4746
0.4731
0.4746
0.4761
0.4731
0.4741
0.4731
0.4761
0.4731
0.4761
0.4727
0.4756
0.4756
0.4741
0.4751
0.4751
0.4741
0.4741
0.4775
0.4741
0.4766
0.4741
0.4756
0.4756
0.4741
0.4741
0.4741
0.4746
0.4751
0.4741
0.4746
0.4741
0.4751
0.4746
0.4761
0.4766
0.4751
0.4761
0.4736
0.4780
0.4746
0.4751
0.4761
0.4746
0.4746
0.4751
0.4751
0.4751
0.4741
0.4766
0.4736
0.4751
0.4751
0.4751
0.4756
0.4756
0.4751
0.4766
0.4751
0.4761
0.4736
0.4761
0.4751
0.4761
0.4741
0.4761
0.4746
0.4751
0.4751
0.4766
0.4741
0.4761
0.4736
0.4775
0.4746
0.4736
0.4766
0.4771
0.4741
0.4756
0.4736
0.4746
0.4766
0.4761
0.4751
0.4736
0.4736
0.4761
0.4751
0.4766
0.4761
0.4741
0.4741
0.4741
0.4751
0.4751
0.4751
0.4756
0.4756
0.4756
0.4756
0.4756
0.4746
0.4741
0.4741
0.4756
0.4741
0.4775
0.4751
0.4775
0.4727
0.4756
0.4756
0.4756
0.4731
0.4756
0.4741
0.4771
0.4736
0.4766
0.4736
0.4761
0.4756
0.4761
0.4761
0.4771
0.4751
0.4756
0.4741
0.4756
0.4736
0.4746
0.4756
0.4756
0.4756
0.4756
0.4741
0.4761
0.4766
0.4771
0.4756
0.4756
0.4746
0.4775
0.4766
0.4766
0.4766
0.4771
0.4746
0.4751
0.4741
0.4771
0.4756
0.4761
0.4771
0.4756
0.4756
0.4766
0.4761
0.4766
0.4756
0.4751
0.4775
0.4741
0.4751
0.4775
0.4751
0.4756
0.4756
0.4775
0.4751
0.4771
0.4761
0.4751
0.4756
0.4766
0.4751
0.4751
0.4766
0.4761
0.4751
0.4766
0.4751
0.4766
0.4751
0.4761
0.4746
0.4766
0.4751
0.4771
0.4751
0.4761
0.4766
0.4751
0.4761
0.4756
0.4756
0.4756
0.4756
0.4751
0.4780
0.4785
0.4761
0.4761
0.4751
0.4766
0.4756
0.4751
0.4756
0.4761
0.4780
0.4766
0.4751
0.4761
0.4761
0.4761
0.4756
0.4766
0.4746
0.4766
0.4756
0.4761
0.4761
0.4771
0.4756
0.4766
0.4751
0.4756
0.4761
0.4756
0.4761
0.4766
0.4756
0.4766
0.4751
0.4771
0.4766
0.4761
0.4761
0.4761
0.4766
0.4746
0.4761
0.4775
0.4766
0.4766
0.4756
0.4751
0.4771
0.4746
0.4771
0.4756
0.4761
0.4780
0.4766
0.4761
0.4761
0.4771
0.4751
0.4780
0.4766
0.4766
0.4761
0.4756
0.4771
0.4766
0.4756
0.4775
0.4751
0.4766
0.4746
0.4766
0.4756
0.4761
0.4741
0.4766
0.4775
0.4771
0.4756
0.4741
0.4766
0.4756
0.4746
0.4780
0.4761
0.4771
0.4736
0.4775
0.4756
0.4785
0.4761
0.4761
0.4751
0.4761
0.4780
0.4775
0.4771
0.4771
0.4756
0.4775
0.4790
0.4775
0.4756
0.4775
0.4741
0.4771
0.4771
0.4771
0.4771
0.4766
0.4766
0.4775
0.4751
0.4771
0.4775
0.4761
0.4771
0.4751
0.4766
0.4766
0.4751
0.4761
0.4751
0.4766
0.4756
0.4766
0.4751
0.4771
0.4751
0.4756
0.4761
0.4761
0.4751
0.4766
0.4775
0.4775
0.4751
0.4766
0.4775
0.4775
0.4775
0.4751
0.4756
0.4756
0.4766
0.4746
0.4766
0.4756
0.4780
0.4775
0.4746
0.4775
0.4775
0.4771
0.4756
0.4771
0.4766
0.4766
0.4766
0.4771
0.4766
0.4780
0.4761
0.4751
0.4761
0.4780
0.4775
0.4775
0.4771
0.4761
0.4761
0.4775
0.4766
0.4766
0.4775
0.4771
0.4766
0.4790
0.4736
0.4766
0.4766
0.4775
0.4751
0.4775
0.4771
0.4761
0.4746
0.4766
0.4766
0.4756
0.4771
0.4746
0.4771
0.4775
0.4761
0.4771
0.4751
0.4780
0.4756
0.4780
0.4771
0.4785
0.4756
0.4780
0.4751
0.4771
0.4741
0.4775
0.4766
0.4766
0.4766
0.4790
0.4780
0.4751
0.4771
0.4761
0.4766
0.4761
0.4780
0.4761
0.4775
0.4756
0.4761
0.4761
0.4756
0.4775
0.4780
0.4766
0.4761
0.4785
0.4756
0.4766
0.4756
0.4771
0.4766
0.4775
0.4761
0.4766
0.4761
0.4780
0.4761
0.4766
0.4780
0.4785
0.4775
0.4780
0.4761
0.4780
0.4775
0.4780
0.4771
0.4771
0.4766
0.4766
0.4766
0.4766
0.4771
0.4775
0.4756
0.4766
0.4780
0.4771
0.4751
0.4756
0.4761
0.4761
0.4771
0.4761
0.4775
0.4771
0.4756
0.4785
0.4771
0.4771
0.4766
0.4775
0.4771
0.4775
0.4741
0.4775
0.4761
0.4785
0.4766
0.4790
0.4756
0.4771
0.4766
0.4780
0.4775
0.4775
0.4771
0.4795
0.4761
0.4771
0.4766
0.4785
0.4761
0.4771
0.4780
0.4780
0.4766
0.4756
0.4790
0.4780
0.4761
0.4790
0.4780
0.4771
0.4756
0.4775
0.4780
0.4780
0.4761
0.4775
0.4756
0.4785
0.4761
0.4771
0.4780
0.4766
0.4766
0.4761
0.4785
0.4780
0.4751
0.4785
0.4746
0.4780
0.4761
0.4800
0.4771
0.4775
0.4771
0.4766
0.4780
0.4761
0.4775
0.4766
0.4780
0.4785
0.4780
0.4780
0.4775
0.4771
0.4780
0.4771
0.4775
0.4775
0.4756
0.4775
0.4780
0.4780
0.4766
0.4775
0.4775
0.4785
0.4756
0.4790
0.4771
0.4775
0.4780
0.4800
0.4766
0.4761
0.4771
0.4780
0.4766
0.4766
0.4775
0.4766
0.4780
0.4766
0.4771
0.4795
0.4761
0.4775
0.4780
0.4766
0.4775
0.4775
0.4756
0.4780
0.4771
0.4775
0.4766
0.4761
0.4771
0.4761
0.4775
0.4795
0.4775
0.4771
0.4761
0.4785
0.4771
0.4771
0.4766
0.4785
0.4766
0.4800
0.4780
0.4775
0.4780
0.4775
0.4761
0.4780
0.4785
0.4775
0.4761
0.4766
0.4766
0.4780
0.4771
0.4780
0.4780
0.4790
0.4771
0.4775
0.4766
0.4790
0.4790
0.4780
0.4785
0.4790
0.4775
0.4775
0.4775
0.4766
0.4775
0.4790
0.4766
0.4775
0.4766
0.4785
0.4771
0.4780
0.4761
0.4795
0.4785
0.4761
0.4795
0.4790
0.4775
0.4771
0.4766
0.4785
0.4761
0.4790
0.4771
0.4775
0.4790
0.4790
0.4771
0.4795
0.4771
0.4790
0.4771
0.4790
0.4785
0.4785
0.4771
0.4785
0.4790
0.4790
0.4766
0.4795
0.4761
0.4771
0.4780
0.4790
0.4771
0.4761
0.4766
0.4795
0.4780
0.4805
0.4780
0.4771
0.4780
0.4775
0.4795
0.4771
0.4775
0.4771
0.4780
0.4775
0.4790
0.4780
0.4775
0.4790
0.4775
0.4785
0.4780
0.4790
0.4780
0.4785
0.4780
0.4771
0.4775
0.4790
0.4766
0.4771
0.4780
0.4790
0.4775
0.4785
0.4785
0.4771
0.4785
0.4766
0.4785
0.4766
0.4771
0.4766
0.4775
0.4775
0.4785
0.4771
0.4785
0.4785
0.4785
0.4780
0.4785
0.4785
0.4771
0.4766
0.4780
0.4785
0.4775
0.4800
0.4790
0.4780
0.4775
0.4795
0.4800
0.4785
0.4780
0.4780
0.4785
0.4790
0.4766
0.4800
0.4771
0.4785
0.4780
0.4785
0.4780
0.4775
0.4795
0.4790
0.4795
0.4780
0.4775
0.4805
0.4785
0.4775
0.4785
0.4795
0.4785
0.4795
0.4790
0.4785
0.4790
0.4785
0.4775
0.4780
0.4780
0.4785
0.4785
0.4790
0.4795
0.4790
0.4766
0.4780
0.4795
0.4780
0.4775
0.4771
0.4775
0.4790
0.4775
0.4795
0.4771
0.4785
0.4790
0.4800
0.4775
0.4790
0.4766
0.4819
0.4795
0.4790
0.4780
0.4785
0.4775
0.4790
0.4785
0.4775
0.4775
0.4775
0.4780
0.4795
0.4775
0.4810
0.4766
0.4800
0.4790
0.4795
0.4790
0.4790
0.4790
0.4790
0.4790
0.4785
0.4785
0.4785
0.4785
0.4780
0.4785
0.4795
0.4780
0.4775
0.4790
0.4795
0.4780
0.4805
0.4780
0.4785
0.4775
0.4775
0.4771
0.4790
0.4780
0.4785
0.4790
0.4785
0.4795
0.4790
0.4790
0.4785
0.4790
0.4780
0.4790
0.4790
0.4785
0.4795
0.4790
0.4785
0.4780
0.4800
0.4780
0.4780
0.4795
0.4795
0.4785
0.4795
0.4790
0.4785
0.4775
0.4790
0.4785
0.4790
0.4790
0.4785
0.4790
0.4780
0.4780
0.4775
0.4775
0.4790
0.4790
0.4795
0.4780
0.4810
0.4785
0.4785
0.4785
0.4795
0.4761
0.4780
0.4785
0.4795
0.4790
0.4795
0.4775
0.4775
0.4780
0.4790
0.4790
0.4785
0.4790
0.4780
0.4771
0.4795
0.4785
0.4805
0.4785
0.4785
0.4771
0.4795
0.4814
0.4790
0.4780
0.4775
0.4780
0.4795
0.4790
0.4785
0.4780
0.4805
0.4785
0.4800
0.4771
0.4790
0.4780
0.4795
0.4790
0.4795
0.4771
0.4785
0.4780
0.4785
0.4790
0.4761
0.4771
0.4795
0.4775
0.4800
0.4785
0.4790
0.4785
0.4785
0.4785
0.4805
0.4775
0.4785
0.4780
0.4800
0.4771
0.4795
0.4795
0.4810
0.4785
0.4780
0.4790
0.4780
0.4790
0.4761
0.4790
0.4775
0.4780
0.4800
0.4785
0.4814
0.4790
0.4810
0.4800
0.4785
0.4766
0.4790
0.4785
0.4795
0.4800
0.4780
0.4790
0.4771
0.4795
0.4780
0.4795
0.4775
0.4805
0.4775
0.4775
0.4800
0.4795
0.4775
0.4780
0.4800
0.4780
0.4805
0.4790
0.4785
0.4780
0.4795
0.4790
0.4790
0.4795
0.4780
0.4800
0.4795
0.4780
0.4790
0.4785
0.4785
0.4775
0.4800
0.4780
0.4795
0.4780
0.4790
0.4785
0.4790
0.4790
0.4800
0.4790
0.4795
0.4795
0.4790
0.4795
0.4805
0.4795
0.4785
0.4814
0.4771
0.4790
0.4795
0.4800
0.4790
0.4795
0.4790
0.4790
0.4800
0.4795
0.4780
0.4790
0.4785
0.4795
0.4780
0.4780
0.4795
0.4780
0.4780
0.4775
0.4800
0.4780
0.4790
0.4780
0.4790
0.4780
0.4795
0.4795
0.4795
0.4775
0.4795
0.4785
0.4790
0.4810
0.4780
0.4800
0.4790
0.4795
0.4805
0.4785
0.4800
0.4800
0.4805
0.4780
0.4795
0.4814
0.4800
0.4800
0.4800
0.4790
0.4795
0.4780
0.4790
0.4800
0.4800
0.4800
0.4785
0.4785
0.4800
0.4790
0.4775
0.4800
0.4771
0.4775
0.4819
0.4775
0.4795
0.4800
0.4795
0.4810
0.4790
0.4795
0.4800
0.4790
0.4771
0.4785
0.4795
0.4785
0.4805
0.4780
0.4800
0.4790
0.4785
0.4800
0.4795
0.4800
0.4785
0.4800
0.4795
0.4790
0.4810
0.4800
0.4814
0.4805
0.4795
0.4795
0.4790
0.4805
0.4785
0.4810
0.4795
0.4775
0.4810
0.4785
0.4805
0.4780
0.4805
0.4780
0.4800
0.4785
0.4785
0.4795
0.4795
0.4790
0.4795
0.4790
0.4780
0.4790
0.4805
0.4795
0.4790
0.4780
0.4800
0.4790
0.4795
0.4800
0.4795
0.4800
0.4805
0.4790
0.4810
0.4795
0.4795
0.4795
0.4795
0.4790
0.4810
0.4790
0.4805
0.4795
0.4800
0.4780
0.4800
0.4795
0.4790
0.4805
0.4780
0.4790
0.4800
0.4775
0.4805
0.4785
0.4800
0.4780
0.4785
0.4800
0.4800
0.4775
0.4795
0.4780
0.4810
0.4795
0.4805
0.4805
0.4800
0.4785
0.4805
0.4810
0.4795
0.4800
0.4795
0.4810
0.4780
0.4790
0.4810
0.4790
0.4800
0.4795
0.4790
0.4805
0.4780
0.4790
0.4790
0.4805
0.4795
0.4780
0.4795
0.4775
0.4800
0.4800
0.4805
0.4780
0.4814
0.4771
0.4800
0.4819
0.4775
0.4795
0.4800
0.4790
0.4800
0.4790
0.4795
0.4800
0.4790
0.4800
0.4795
0.4785
0.4800
0.4790
0.4795
0.4805
0.4805
0.4790
0.4800
0.4800
0.4795
0.4795
0.4795
0.4814
0.4795
0.4785
0.4819
0.4795
0.4805
0.4814
0.4810
0.4795
0.4819
0.4800
0.4805
0.4814
0.4810
0.4785
0.4810
0.4785
0.4790
0.4800
0.4810
0.4795
0.4795
0.4824
0.4785
0.4790
0.4795
0.4800
0.4795
0.4790
0.4790
0.4795
0.4805
0.4795
0.4800
0.4805
0.4814
0.4800
0.4800
0.4795
0.4795
0.4810
0.4800
0.4790
0.4790
0.4805
0.4800
0.4795
0.4814
0.4790
0.4790
0.4795
0.4800
0.4800
0.4800
0.4795
0.4814
0.4780
0.4795
0.4805
0.4800
0.4805
0.4795
0.4805
0.4795
0.4785
0.4805
0.4790
0.4810
0.4790
0.4819
0.4780
0.4800
0.4800
0.4814
0.4800
0.4780
0.4771
0.4805
0.4785
0.4805
0.4800
0.4790
0.4800
0.4785
0.4790
0.4785
0.4819
0.4805
0.4780
0.4800
0.4805
0.4795
0.4800
0.4800
0.4800
0.4810
0.4780
0.4785
0.4785
0.4814
0.4780
0.4800
0.4795
0.4800
0.4810
0.4790
0.4800
0.4800
0.4810
0.4805
0.4814
0.4795
0.4790
0.4795
0.4814
0.4814
0.4795
0.4800
0.4795
0.4795
0.4800
0.4800
0.4805
0.4814
0.4810
0.4795
0.4790
0.4814
0.4795
0.4814
0.4800
0.4790
0.4795
0.4800
0.4790
0.4805
0.4790
0.4800
0.4795
0.4810
0.4810
0.4810
0.4810
0.4805
0.4795
0.4795
0.4780
0.4805
0.4805
0.4780
0.4800
0.4795
0.4800
0.4800
0.4790
0.4805
0.4810
0.4805
0.4790
0.4800
0.4805
0.4805
0.4785
0.4814
0.4795
0.4795
0.4805
0.4800
0.4785
0.4800
0.4824
0.4805
0.4795
0.4814
0.4810
0.4805
0.4800
0.4805
0.4805
0.4800
0.4790
0.4790
0.4800
0.4800
0.4795
0.4810
0.4814
0.4780
0.4805
0.4814
0.4800
0.4795
0.4790
0.4795
0.4800
0.4795
0.4795
0.4790
0.4800
0.4800
0.4795
0.4805
0.4780
0.4814
0.4790
0.4775
0.4800
0.4805
0.4814
0.4824
0.4805
0.4790
0.4785
0.4795
0.4810
0.4800
0.4790
0.4829
0.4790
0.4800
0.4790
0.4829
0.4780
0.4805
0.4805
0.4795
0.4800
0.4805
0.4795
0.4814
0.4785
0.4790
0.4790
0.4819
0.4810
0.4805
0.4810
0.4790
0.4810
0.4800
0.4805
0.4795
0.4805
0.4785
0.4790
0.4800
0.4775
0.4819
0.4810
0.4805
0.4810
0.4805
0.4805
0.4814
0.4771
0.4805
0.4814
0.4814
0.4805
0.4800
0.4810
0.4805
0.4800
0.4814
0.4790
0.4805
0.4800
0.4810
0.4795
0.4800
0.4795
0.4819
0.4790
0.4819
0.4800
0.4795
0.4805
0.4790
0.4819
0.4800
0.4780
0.4800
0.4795
0.4819
0.4814
0.4810
0.4805
0.4800
0.4790
0.4805
0.4805
0.4800
0.4805
0.4800
0.4795
0.4814
0.4785
0.4810
0.4805
0.4800
0.4800
0.4795
0.4805
0.4785
0.4790
0.4795
0.4795
0.4805
0.4805
0.4800
0.4790
0.4805
0.4805
0.4805
0.4800
0.4795
0.4805
0.4805
0.4800
0.4814
0.4805
0.4800
0.4805
0.4814
0.4800
0.4790
0.4785
0.4810
0.4795
0.4805
0.4800
0.4795
0.4805
0.4819
0.4810
0.4800
0.4800
0.4814
0.4805
0.4824
0.4810
0.4790
0.4814
0.4775
0.4810
0.4795
0.4800
0.4790
0.4795
0.4805
0.4795
0.4790
0.4805
0.4790
0.4810
0.4814
0.4795
0.4810
0.4819
0.4800
0.4805
0.4814
0.4800
0.4790
0.4800
0.4795
0.4814
0.4805
0.4805
0.4810
0.4814
0.4795
0.4810
0.4800
0.4810
0.4819
0.4790
0.4810
0.4805
0.4795
0.4810
0.4785
0.4800
0.4810
0.4795
0.4800
0.4824
0.4800
0.4810
0.4814
0.4814
0.4805
0.4795
0.4790
0.4805
0.4805
0.4771
0.4810
0.4814
0.4805
0.4800
0.4819
0.4800
0.4795
0.4790
0.4800
0.4805
0.4800
0.4819
0.4795
0.4819
0.4771
0.4805
0.4810
0.4810
0.4795
0.4800
0.4800
0.4805
0.4795
0.4805
0.4810
0.4795
0.4810
0.4785
0.4810
0.4800
0.4814
0.4805
0.4805
0.4814
0.4800
0.4785
0.4814
0.4790
0.4800
0.4780
0.4810
0.4795
0.4790
0.4810
0.4810
0.4795
0.4800
0.4810
0.4819
0.4800
0.4790
0.4805
0.4800
0.4805
0.4805
0.4810
0.4814
0.4790
0.4824
0.4805
0.4810
0.4790
0.4824
0.4795
0.4805
0.4810
0.4800
0.4805
0.4795
0.4810
0.4810
0.4805
0.4805
0.4790
0.4829
0.4790
0.4795
0.4790
0.4814
0.4810
0.4795
0.4814
0.4805
0.4790
0.4814
0.4795
0.4814
0.4819
0.4810
0.4795
0.4824
0.4810
0.4795
0.4790
0.4800
0.4795
0.4795
0.4810
0.4795
0.4790
0.4814
0.4805
0.4800
0.4790
0.4839
0.4800
0.4829
0.4790
0.4805
0.4814
0.4824
0.4785
0.4810
0.4800
0.4800
0.4800
0.4810
0.4810
0.4819
0.4805
0.4785
0.4810
0.4829
0.4800
0.4824
0.4814
0.4785
0.4819
0.4800
0.4810
0.4834
0.4805
0.4810
0.4805
0.4819
0.4810
0.4810
0.4790
0.4824
0.4800
0.4824
0.4790
0.4810
0.4800
0.4800
0.4805
0.4805
0.4800
0.4814
0.4805
0.4829
0.4805
0.4795
0.4819
0.4814
0.4790
0.4819
0.4800
0.4810
0.4810
0.4819
0.4795
0.4814
0.4810
0.4800
0.4805
0.4810
0.4805
0.4814
0.4814
0.4814
0.4810
0.4805
0.4819
0.4814
0.4800
0.4805
0.4810
0.4819
0.4800
0.4800
0.4824
0.4805
0.4810
0.4814
0.4805
0.4814
0.4805
0.4805
0.4805
0.4805
0.4805
0.4800
0.4800
0.4800
0.4805
0.4805
0.4800
0.4819
0.4805
0.4785
0.4814
0.4790
0.4824
0.4810
0.4805
0.4814
0.4785
0.4800
0.4800
0.4819
0.4810
0.4824
0.4790
0.4814
0.4814
0.4805
0.4790
0.4819
0.4810
0.4810
0.4810
0.4805
0.4800
0.4819
0.4800
0.4810
0.4810
0.4814
0.4805
0.4795
0.4805
0.4800
0.4814
0.4819
0.4805
0.4819
0.4795
0.4805
0.4805
0.4810
0.4829
0.4795
0.4790
0.4805
0.4805
0.4805
0.4819
0.4819
0.4795
0.4785
0.4814
0.4834
0.4795
0.4819
0.4805
0.4810
0.4800
0.4819
0.4814
0.4814
0.4790
0.4810
0.4810
0.4810
0.4805
0.4810
0.4810
0.4824
0.4810
0.4810
0.4805
0.4810
0.4795
0.4824
0.4819
0.4795
0.4819
0.4800
0.4790
0.4805
0.4805
0.4814
0.4805
0.4810
0.4814
0.4810
0.4810
0.4805
0.4810
0.4800
0.4810
0.4819
0.4800
0.4814
0.4814
0.4800
0.4790
0.4834
0.4805
0.4814
0.4810
0.4805
0.4800
0.4805
0.4810
0.4814
0.4790
0.4805
0.4800
0.4829
0.4790
0.4814
0.4790
0.4814
0.4805
0.4810
0.4814
0.4819
0.4800
0.4814
0.4810
0.4819
0.4824
0.4810
0.4795
0.4805
0.4805
0.4839
0.4780
0.4829
0.4800
0.4810
0.4814
0.4805
0.4814
0.4805
0.4800
0.4805
0.4800
0.4805
0.4800
0.4819
0.4800
0.4810
0.4814
0.4810
0.4800
0.4805
0.4800
0.4814
0.4819
0.4810
0.4805
0.4819
0.4795
0.4810
0.4800
0.4810
0.4810
0.4824
0.4824
0.4805
0.4805
0.4810
0.4800
0.4834
0.4800
0.4805
0.4800
0.4834
0.4805
0.4810
0.4824
0.4800
0.4800
0.4819
0.4810
0.4800
0.4810
0.4805
0.4805
0.4800
0.4810
0.4810
0.4795
0.4824
0.4819
0.4810
0.4810
0.4819
0.4810
0.4805
0.4805
0.4824
0.4810
0.4810
0.4814
0.4824
0.4795
0.4819
0.4795
0.4810
0.4805
0.4805
0.4795
0.4810
0.4814
0.4819
0.4805
0.4805
0.4795
0.4814
0.4819
0.4800
0.4805
0.4810
0.4814
0.4810
0.4814
0.4810
0.4814
0.4805
0.4824
0.4839
0.4800
0.4795
0.4810
0.4785
0.4795
0.4819
0.4814
0.4814
0.4810
0.4810
0.4795
0.4810
0.4800
0.4805
0.4824
0.4824
0.4810
0.4800
0.4814
0.4795
0.4814
0.4810
0.4810
0.4810
0.4790
0.4834
0.4800
0.4819
0.4800
0.4819
0.4810
0.4810
0.4800
0.4819
0.4805
0.4824
0.4805
0.4805
0.4805
0.4805
0.4795
0.4795
0.4810
0.4814
0.4810
0.4810
0.4814
0.4824
0.4810
0.4805
0.4819
0.4800
0.4805
0.4829
0.4790
0.4829
0.4805
0.4819
0.4800
0.4795
0.4805
0.4824
0.4805
0.4800
0.4800
0.4800
0.4814
0.4805
0.4800
0.4819
0.4814
0.4824
0.4795
0.4834
0.4810
0.4829
0.4810
0.4800
0.4800
0.4814
0.4800
0.4805
0.4819
0.4814
0.4824
0.4814
0.4814
0.4810
0.4819
0.4800
0.4824
0.4819
0.4805
0.4819
0.4810
0.4824
0.4810
0.4810
0.4810
0.4819
0.4800
0.4819
0.4790
0.4824
0.4805
0.4819
0.4800
0.4819
0.4810
0.4819
0.4805
0.4805
0.4819
0.4810
0.4819
0.4814
0.4805
0.4814
0.4810
0.4814
0.4790
0.4829
0.4810
0.4814
0.4805
0.4800
0.4800
0.4829
0.4819
0.4819
0.4805
0.4824
0.4790
0.4819
0.4810
0.4824
0.4824
0.4824
0.4814
0.4814
0.4800
0.4819
0.4819
0.4819
0.4814
0.4810
0.4795
0.4819
0.4829
0.4824
0.4814
0.4800
0.4824
0.4819
0.4829
0.4810
0.4810
0.4805
0.4795
0.4814
0.4810
0.4824
0.4814
0.4829
0.4790
0.4814
0.4810
0.4810
0.4824
0.4810
0.4800
0.4829
0.4800
0.4834
0.4805
0.4824
0.4795
0.4800
0.4814
0.4810
0.4805
0.4814
0.4790
0.4819
0.4805
0.4824
0.4800
0.4800
0.4805
0.4824
0.4805
0.4824
0.4829
0.4800
0.4834
0.4814
0.4805
0.4814
0.4829
0.4824
0.4819
0.4814
0.4805
0.4805
0.4824
0.4814
0.4805
0.4819
0.4824
0.4810
0.4795
0.4819
0.4810
0.4810
0.4805
0.4805
0.4814
0.4814
0.4790
0.4805
0.4814
0.4805
0.4805
0.4810
0.4800
0.4819
0.4814
0.4834
0.4824
0.4810
0.4795
0.4810
0.4795
0.4805
0.4805
0.4829
0.4819
0.4814
0.4819
0.4819
0.4810
0.4795
0.4810
0.4814
0.4824
0.4819
0.4810
0.4800
0.4814
0.4819
0.4805
0.4824
0.4790
0.4824
0.4824
0.4824
0.4790
0.4814
0.4814
0.4805
0.4824
0.4805
0.4800
0.4805
0.4824
0.4819
0.4800
0.4819
0.4795
0.4819
0.4800
0.4810
0.4800
0.4824
0.4785
0.4829
0.4810
0.4834
0.4805
0.4839
0.4814
0.4800
0.4805
0.4819
0.4814
0.4814
0.4829
0.4819
0.4824
0.4824
0.4805
0.4814
0.4824
0.4824
0.4829
0.4810
0.4824
0.4819
0.4810
0.4819
0.4824
0.4819
0.4795
0.4819
0.4810
0.4829
0.4819
0.4824
0.4819
0.4819
0.4819
0.4819
0.4814
0.4814
0.4819
0.4800
0.4800
0.4819
0.4824
0.4829
0.4814
0.4819
0.4805
0.4819
0.4805
0.4814
0.4805
0.4829
0.4810
0.4819
0.4819
0.4824
0.4810
0.4829
0.4814
0.4819
0.4819
0.4810
0.4819
0.4814
0.4810
0.4824
0.4810
0.4810
0.4829
0.4819
0.4810
0.4824
0.4834
0.4834
0.4819
0.4829
0.4810
0.4819
0.4810
0.4829
0.4829
0.4810
0.4800
0.4829
0.4800
0.4829
0.4810
0.4819
0.4800
0.4834
0.4800
0.4814
0.4814
0.4814
0.4814
0.4814
0.4819
0.4814
0.4805
0.4829
0.4800
0.4805
0.4790
0.4819
0.4805
0.4810
0.4824
0.4824
0.4805
0.4829
0.4844
0.4810
0.4819
0.4819
0.4800
0.4814
0.4819
0.4814
0.4805
0.4814
0.4800
0.4819
0.4810
0.4834
0.4800
0.4810
0.4814
0.4834
0.4795
0.4810
0.4814
0.4819
0.4800
0.4805
0.4810
0.4834
0.4805
0.4805
0.4819
0.4829
0.4805
0.4814
0.4805
0.4814
0.4810
0.4824
0.4814
0.4819
0.4819
0.4805
0.4810
0.4834
0.4800
0.4834
0.4810
0.4819
0.4824
0.4819
0.4810
0.4814
0.4824
0.4810
0.4829
0.4819
0.4819
0.4824
0.4819
0.4824
0.4824
0.4805
0.4810
0.4819
0.4824
0.4810
0.4810
0.4824
0.4805
0.4824
0.4834
0.4805
0.4819
0.4819
0.4819
0.4810
0.4810
0.4814
0.4824
0.4795
0.4819
0.4805
0.4819
0.4819
0.4805
0.4839
0.4824
0.4800
0.4824
0.4819
0.4819
0.4814
0.4819
0.4810
0.4814
0.4829
0.4810
0.4824
0.4814
0.4805
0.4795
0.4824
0.4805
0.4814
0.4805
0.4810
0.4814
0.4829
0.4805
0.4819
0.4814
0.4805
0.4814
0.4805
0.4819
0.4810
0.4810
0.4810
0.4824
0.4829
0.4824
0.4839
0.4795
0.4834
0.4810
0.4844
0.4795
0.4819
0.4824
0.4819
0.4800
0.4834
0.4829
0.4800
0.4819
0.4834
0.4814
0.4810
0.4805
0.4829
0.4814
0.4814
0.4824
0.4819
0.4805
0.4814
0.4795
0.4824
0.4810
0.4814
0.4814
0.4839
0.4814
0.4819
0.4814
0.4819
0.4829
0.4834
0.4824
0.4800
0.4814
0.4805
0.4810
0.4824
0.4819
0.4829
0.4810
0.4814
0.4824
0.4795
0.4819
0.4824
0.4805
0.4800
0.4834
0.4814
0.4814
0.4819
0.4819
0.4829
0.4805
0.4819
0.4800
0.4824
0.4819
0.4814
0.4810
0.4824
0.4810
0.4824
0.4824
0.4819
0.4819
0.4829
0.4810
0.4824
0.4800
0.4819
0.4790
0.4814
0.4805
0.4824
0.4824
0.4819
0.4810
0.4810
0.4810
0.4819
0.4814
0.4819
0.4795
0.4829
0.4814
0.4810
0.4810
0.4810
0.4834
0.4805
0.4814
0.4824
0.4800
0.4810
0.4824
0.4824
0.4810
0.4814
0.4795
0.4814
0.4795
0.4814
0.4819
0.4810
0.4824
0.4805
0.4829
0.4805
0.4824
0.4810
0.4814
0.4824
0.4824
0.4819
0.4814
0.4814
0.4824
0.4814
0.4800
0.4829
0.4810
0.4814
0.4819
0.4829
0.4810
0.4805
0.4824
0.4810
0.4814
0.4810
0.4819
0.4834
0.4824
0.4810
0.4824
0.4814
0.4834
0.4834
0.4805
0.4814
0.4814
0.4790
0.4805
0.4839
0.4829
0.4824
0.4819
0.4795
0.4805
0.4814
0.4810
0.4824
0.4844
0.4805
0.4814
0.4814
0.4819
0.4805
0.4800
0.4839
0.4824
0.4819
0.4810
0.4810
0.4810
0.4824
0.4824
0.4810
0.4810
0.4839
0.4814
0.4829
0.4824
0.4814
0.4805
0.4824
0.4814
0.4819
0.4834
0.4805
0.4814
0.4829
0.4805
0.4814
0.4795
0.4839
0.4805
0.4839
0.4810
0.4814
0.4824
0.4819
0.4805
0.4824
0.4814
0.4819
0.4814
0.4824
0.4800
0.4814
0.4814
0.4819
0.4810
0.4814
0.4819
0.4805
0.4819
0.4810
0.4819
0.4814
0.4810
0.4829
0.4805
0.4824
0.4824
0.4839
0.4814
0.4819
0.4819
0.4814
0.4800
0.4834
0.4814
0.4834
0.4824
0.4814
0.4814
0.4814
0.4819
0.4814
0.4814
0.4829
0.4814
0.4814
0.4805
0.4819
0.4824
0.4824
0.4805
0.4819
0.4819
0.4805
0.4800
0.4819
0.4810
0.4819
0.4805
0.4819
0.4814
0.4819
0.4800
0.4819
0.4829
0.4805
0.4829
0.4819
0.4819
0.4834
0.4824
0.4839
0.4790
0.4810
0.4805
0.4829
0.4790
0.4810
0.4824
0.4829
0.4814
0.4834
0.4805
0.4814
0.4814
0.4829
0.4824
0.4819
0.4819
0.4819
0.4814
0.4810
0.4814
0.4814
0.4814
0.4829
0.4800
0.4810
0.4810
0.4834
0.4819
0.4819
0.4795
0.4829
0.4810
0.4844
0.4814
0.4829
0.4805
0.4819
0.4824
0.4829
0.4824
0.4814
0.4805
0.4844
0.4824
0.4829
0.4805
0.4824
0.4824
0.4824
0.4819
0.4819
0.4805
0.4824
0.4814
0.4824
0.4819
0.4824
0.4810
0.4819
0.4800
0.4844
0.4795
0.4829
0.4819
0.4819
0.4829
0.4834
0.4805
0.4824
0.4819
0.4805
0.4814
0.4829
0.4824
0.4814
0.4829
0.4824
0.4810
0.4834
0.4824
0.4829
0.4819
0.4814
0.4824
0.4839
0.4819
0.4805
0.4819
0.4814
0.4800
0.4834
0.4790
0.4824
0.4824
0.4824
0.4814
0.4819
0.4819
0.4834
0.4814
0.4834
0.4805
0.4829
0.4824
0.4839
0.4805
0.4839
0.4814
0.4819
0.4824
0.4829
0.4810
0.4834
0.4819
0.4819
0.4814
0.4834
0.4810
0.4810
0.4814
0.4829
0.4829
0.4810
0.4814
0.4824
0.4824
0.4839
0.4810
0.4819
0.4819
0.4819
0.4814
0.4829
0.4824
0.4819
0.4814
0.4819
0.4819
0.4814
0.4824
0.4819
0.4824
0.4824
0.4814
0.4805
0.4829
0.4824
0.4819
0.4834
0.4819
0.4805
0.4834
0.4814
0.4819
0.4839
0.4824
0.4814
0.4824
0.4814
0.4810
0.4814
0.4810
0.4834
0.4810
0.4829
0.4824
0.4834
0.4829
0.4834
0.4810
0.4814
0.4819
0.4824
0.4810
0.4814
0.4824
0.4824
0.4814
0.4824
0.4810
0.4834
0.4819
0.4810
0.4824
0.4829
0.4819
0.4810
0.4810
0.4834
