------------------
Start address  = 0
Data length    = 1024
Sample size    = 2
Sample res     = -32768
Sample offset  = -16
Input range    = 200
Dc offset      = 0
Segment count  = 5
Segment number = 1
Time stamp     = 96.49 microseconds
------------------
-0.0009
-0.0011
-0.0010
-0.0008
-0.0009
-0.0008
-0.0007
-0.0008
-0.0009
-0.0008
-0.0008
-0.0011
-0.0011
-0.0008
-0.0011
-0.0011
-0.0007
-0.0008
-0.0009
-0.0008
-0.0008
-0.0011
-0.0007
-0.0007
-0.0008
-0.0011
-0.0008
-0.0008
-0.0007
-0.0008
-0.0009
-0.0008
-0.0007
-0.0008
-0.0008
-0.0008
-0.0009
-0.0011
-0.0009
-0.0011
-0.0008
-0.0008
-0.0008
-0.0008
-0.0009
-0.0008
-0.0009
-0.0011
-0.0011
-0.0008
-0.0009
-0.0011
-0.0009
-0.0011
-0.0008
-0.0008
-0.0008
-0.0008
-0.0010
-0.0008
-0.0008
-0.0008
-0.0008
-0.0011
-0.0008
-0.0008
-0.0009
-0.0008
-0.0009
-0.0008
-0.0009
-0.0011
-0.0009
-0.0008
-0.0009
-0.0011
-0.0008
-0.0011
-0.0011
-0.0011
-0.0012
-0.0011
-0.0009
-0.0008
-0.0010
-0.0011
-0.0009
-0.0008
-0.0008
-0.0011
-0.0009
-0.0008
-0.0011
-0.0008
-0.0009
-0.0011
-0.0008
-0.0007
-0.0008
-0.0011
-0.0008
-0.0008
-0.0009
-0.0007
-0.0010
-0.0011
-0.0011
-0.0008
-0.0008
-0.0012
-0.0008
-0.0011
-0.0006
-0.0011
-0.0008
-0.0008
-0.0010
-0.0008
-0.0009
-0.0008
-0.0008
-0.0011
-0.0009
-0.0011
-0.0010
-0.0011
-0.0008
-0.0011
-0.0009
-0.0008
-0.0010
-0.0008
-0.0007
-0.0011
-0.0009
-0.0008
-0.0008
-0.0008
-0.0008
-0.0008
-0.0010
-0.0011
-0.0009
-0.0011
-0.0008
-0.0008
-0.0007
-0.0008
-0.0008
-0.0007
-0.0009
-0.0008
-0.0010
-0.0011
-0.0011
-0.0004
-0.0008
-0.0008
-0.0006
-0.0007
-0.0009
-0.0008
-0.0010
-0.0011
-0.0008
-0.0008
-0.0010
-0.0007
-0.0007
-0.0008
-0.0008
-0.0011
-0.0008
-0.0008
-0.0008
-0.0011
-0.0008
-0.0010
-0.0008
-0.0011
-0.0009
-0.0008
-0.0009
-0.0011
-0.0008
-0.0008
-0.0010
-0.0011
-0.0009
-0.0011
-0.0008
-0.0008
-0.0009
-0.0008
-0.0006
-0.0011
-0.0009
-0.0008
-0.0009
-0.0007
-0.0011
-0.0008
-0.0010
-0.0008
-0.0010
-0.0008
-0.0008
-0.0011
-0.0008
-0.0011
-0.0008
-0.0008
-0.0008
-0.0008
-0.0008
-0.0011
-0.0008
-0.0011
-0.0010
-0.0011
-0.0009
-0.0008
-0.0009
-0.0011
-0.0007
-0.0011
-0.0009
-0.0008
-0.0008
-0.0008
-0.0008
-0.0011
-0.0007
-0.0008
-0.0009
-0.0008
-0.0009
-0.0008
-0.0009
-0.0011
-0.0006
-0.0011
-0.0006
-0.0011
-0.0009
-0.0007
-0.0010
-0.0008
-0.0010
-0.0008
-0.0007
-0.0008
-0.0009
-0.0007
-0.0007
-0.0011
-0.0008
-0.0008
-0.0009
-0.0008
-0.0008
-0.0008
-0.0008
-0.0008
-0.0008
-0.0011
-0.0010
-0.0008
-0.0008
-0.0011
-0.0007
-0.0008
-0.0008
-0.0008
-0.0009
-0.0008
-0.0008
-0.0008
-0.0006
-0.0011
-0.0008
-0.0008
-0.0008
-0.0011
-0.0007
-0.0011
-0.0009
-0.0008
-0.0009
-0.0007
-0.0008
-0.0008
-0.0008
-0.0011
-0.0008
-0.0008
-0.0010
-0.0011
-0.0009
-0.0008
-0.0009
-0.0011
-0.0008
-0.0011
-0.0009
-0.0007
-0.0009
-0.0008
-0.0011
-0.0008
-0.0008
-0.0008
-0.0008
-0.0008
-0.0009
-0.0011
-0.0008
-0.0011
-0.0010
-0.0008
-0.0008
-0.0011
-0.0007
-0.0008
-0.0007
-0.0011
-0.0010
-0.0008
-0.0009
-0.0011
-0.0010
-0.0008
-0.0008
-0.0008
-0.0008
-0.0011
-0.0007
-0.0008
-0.0010
-0.0007
-0.0008
-0.0008
-0.0011
-0.0004
-0.0009
-0.0008
-0.0010
-0.0011
-0.0008
-0.0011
-0.0008
-0.0008
-0.0010
-0.0007
-0.0010
-0.0007
-0.0007
-0.0008
-0.0008
-0.0008
-0.0007
-0.0008
-0.0008
-0.0008
-0.0010
-0.0008
-0.0009
-0.0007
-0.0009
-0.0011
-0.0009
-0.0008
-0.0008
-0.0011
-0.0008
-0.0008
-0.0011
-0.0007
-0.0009
-0.0008
-0.0008
-0.0008
-0.0010
-0.0007
-0.0008
-0.0008
-0.0008
-0.0011
-0.0008
-0.0008
-0.0009
-0.0008
-0.0007
-0.0008
-0.0008
-0.0011
-0.0011
-0.0007
-0.0008
-0.0008
-0.0008
-0.0008
-0.0011
-0.0007
-0.0009
-0.0008
-0.0007
-0.0008
-0.0007
-0.0008
-0.0008
-0.0007
-0.0010
-0.0008
-0.0010
-0.0008
-0.0010
-0.0007
-0.0009
-0.0011
-0.0007
-0.0008
-0.0010
-0.0011
-0.0004
-0.0012
-0.0007
-0.0007
-0.0010
-0.0007
-0.0008
-0.0011
-0.0008
-0.0008
-0.0012
-0.0008
-0.0007
-0.0011
-0.0006
-0.0008
-0.0011
-0.0008
-0.0009
-0.0008
-0.0008
-0.0007
-0.0012
-0.0007
-0.0007
-0.0008
-0.0006
-0.0008
-0.0010
-0.0008
-0.0009
-0.0011
-0.0006
-0.0011
-0.0009
-0.0011
-0.0009
-0.0008
-0.0009
-0.0011
-0.0007
-0.0011
-0.0009
-0.0008
-0.0010
-0.0008
-0.0008
-0.0008
-0.0009
-0.0008
-0.0008
-0.0011
-0.0009
-0.0008
-0.0008
-0.0011
-0.0009
-0.0011
-0.0010
-0.0008
-0.0008
-0.0008
-0.0010
-0.0008
-0.0009
-0.0008
-0.0009
-0.0008
-0.0008
-0.0008
-0.0010
-0.0008
-0.0011
-0.0007
-0.0008
-0.0007
-0.0010
-0.0011
-0.0008
-0.0008
-0.0007
-0.0011
-0.0010
-0.0008
-0.0008
-0.0008
-0.0006
-0.0011
-0.0009
-0.0007
-0.0008
-0.0008
-0.0009
-0.0011
-0.0009
-0.0008
-0.0011
-0.0007
-0.0008
-0.0011
-0.0007
-0.0008
-0.0008
-0.0008
-0.0010
-0.0007
-0.0013
-0.0007
-0.0009
-0.0007
-0.0009
-0.0008
-0.0010
-0.0007
-0.0008
-0.0008
-0.0008
-0.0007
-0.0008
-0.0008
-0.0008
-0.0007
-0.0009
-0.0011
-0.0008
-0.0007
-0.0010
-0.0008
-0.0009
-0.0011
-0.0009
-0.0008
-0.0010
-0.0008
-0.0008
-0.0011
-0.0006
-0.0011
-0.0008
-0.0008
-0.0009
-0.0008
-0.0009
-0.0007
-0.0010
-0.0011
-0.0007
-0.0011
-0.0008
-0.0008
-0.0008
-0.0011
-0.0008
-0.0011
-0.0009
-0.0008
-0.0008
-0.0007
-0.0008
-0.0011
-0.0008
-0.0008
-0.0008
-0.0008
-0.0010
-0.0008
-0.0009
-0.0008
-0.0009
-0.0011
-0.0009
-0.0011
-0.0008
-0.0008
-0.0009
-0.0008
-0.0007
-0.0011
-0.0009
-0.0007
-0.0008
-0.0011
-0.0009
-0.0011
-0.0009
-0.0008
-0.0008
-0.0007
-0.0008
-0.0008
-0.0007
-0.0008
-0.0008
-0.0008
-0.0008
-0.0011
-0.0006
-0.0011
-0.0009
-0.0008
-0.0008
-0.0008
-0.0008
-0.0007
-0.0010
-0.0008
-0.0009
-0.0011
-0.0008
-0.0008
-0.0009
-0.0011
-0.0008
-0.0008
-0.0008
-0.0011
-0.0010
-0.0008
-0.0010
-0.0011
-0.0007
-0.0007
-0.0009
-0.0007
-0.0008
-0.0011
-0.0008
-0.0008
-0.0009
-0.0007
-0.0009
-0.0011
-0.0007
-0.0011
-0.0009
-0.0008
-0.0009
-0.0011
-0.0009
-0.0008
-0.0008
-0.0011
-0.0008
-0.0004
-0.0009
-0.0008
-0.0009
-0.0011
-0.0009
-0.0011
-0.0009
-0.0008
-0.0009
-0.0007
-0.0009
-0.0004
-0.0008
-0.0011
-0.0009
-0.0008
-0.0010
-0.0008
-0.0010
-0.0007
-0.0009
-0.0007
-0.0010
-0.0008
-0.0008
-0.0007
-0.0010
-0.0011
-0.0010
-0.0007
-0.0009
-0.0008
-0.0005
-0.0008
-0.0009
-0.0011
-0.0008
-0.0011
-0.0008
-0.0008
-0.0010
-0.0011
-0.0008
-0.0011
-0.0008
-0.0008
-0.0008
-0.0008
-0.0007
-0.0008
-0.0008
-0.0011
-0.0008
-0.0011
-0.0009
-0.0008
-0.0008
-0.0011
-0.0009
-0.0008
-0.0007
-0.0008
-0.0011
-0.0007
-0.0009
-0.0008
-0.0009
-0.0011
-0.0006
-0.0011
-0.0007
-0.0011
-0.0007
-0.0008
-0.0008
-0.0011
-0.0008
-0.0008
-0.0010
-0.0008
-0.0010
-0.0008
-0.0008
-0.0008
-0.0009
-0.0008
-0.0007
-0.0011
-0.0005
-0.0008
-0.0010
-0.0007
-0.0008
-0.0011
-0.0009
-0.0011
-0.0006
-0.0011
-0.0008
-0.0008
-0.0009
-0.0008
-0.0009
-0.0008
-0.0007
-0.0008
-0.0009
-0.0011
-0.0007
-0.0008
-0.0008
-0.0007
-0.0009
-0.0007
-0.0010
-0.0011
-0.0009
-0.0008
-0.0010
-0.0008
-0.0009
-0.0008
-0.0008
-0.0011
-0.0009
-0.0008
-0.0008
-0.0011
-0.0008
-0.0008
-0.0008
-0.0011
-0.0008
-0.0011
-0.0008
-0.0011
-0.0007
-0.0008
-0.0007
-0.0007
-0.0009
-0.0008
-0.0007
-0.0008
-0.0008
-0.0008
-0.0009
-0.0011
-0.0008
-0.0008
-0.0008
-0.0010
-0.0009
-0.0008
-0.0008
-0.0011
-0.0008
-0.0011
-0.0007
-0.0011
-0.0008
-0.0008
-0.0009
-0.0011
-0.0008
-0.0008
-0.0009
-0.0008
-0.0010
-0.0011
-0.0010
-0.0011
-0.0007
-0.0007
-0.0009
-0.0008
-0.0008
-0.0008
-0.0008
-0.0008
-0.0007
-0.0008
-0.0009
-0.0008
-0.0012
-0.0011
-0.0008
-0.0011
-0.0010
-0.0007
-0.0008
-0.0008
-0.0008
-0.0008
-0.0009
-0.0008
-0.0009
-0.0008
-0.0010
-0.0011
-0.0009
-0.0008
-0.0010
-0.0011
-0.0008
-0.0008
-0.0011
-0.0011
-0.0008
-0.0008
-0.0008
-0.0008
-0.0009
-0.0008
-0.0010
-0.0008
-0.0010
-0.0008
-0.0009
-0.0011
-0.0009
-0.0011
-0.0009
-0.0011
-0.0011
-0.0008
-0.0009
-0.0008
-0.0009
-0.0008
-0.0009
-0.0008
-0.0007
-0.0011
-0.0009
-0.0008
-0.0009
-0.0008
-0.0009
-0.0008
-0.0008
-0.0008
-0.0010
-0.0011
-0.0006
-0.0011
-0.0007
-0.0012
-0.0008
-0.0007
-0.0009
-0.0008
-0.0009
-0.0008
-0.0009
-0.0008
-0.0009
-0.0007
-0.0009
-0.0008
-0.0009
-0.0008
-0.0008
-0.0008
-0.0010
-0.0007
-0.0010
-0.0011
-0.0006
-0.0011
-0.0008
-0.0008
-0.0009
-0.0007
-0.0009
-0.0008
-0.0010
-0.0008
-0.0008
-0.0011
-0.0007
-0.0011
-0.0008
-0.0008
-0.0008
-0.0011
-0.0010
-0.0008
-0.0008
-0.0008
-0.0009
-0.0011
-0.0009
-0.0008
-0.0008
-0.0007
-0.0008
-0.0008
-0.0010
-0.0011
-0.0010
-0.0011
-0.0009
-0.0011
-0.0007
-0.0011
-0.0011
-0.0008
-0.0008
-0.0007
-0.0009
-0.0008
-0.0010
-0.0008
-0.0009
-0.0008
-0.0007
-0.0008
-0.0008
-0.0008
-0.0009
-0.0011
-0.0009
-0.0008
-0.0008
-0.0011
-0.0009
-0.0008
-0.0010
-0.0011
-0.0010
-0.0011
-0.0008
-0.0011
-0.0010
-0.0008
-0.0008
-0.0011
-0.0008
-0.0008
-0.0007
-0.0011
-0.0008
-0.0008
-0.0010
-0.0011
-0.0009
-0.0008
-0.0008
-0.0008
-0.0009
-0.0008
-0.0009
-0.0008
-0.0008
-0.0008
