------------------
Start address  = 0
Data length    = 1024
Sample size    = 2
Sample res     = -32768
Sample offset  = -16
Input range    = 200
Dc offset      = 0
Segment count  = 5
Segment number = 5
Time stamp     = 496.49 microseconds
------------------
-0.0001
0.0031
0.0000
0.1000
0.1000
0.1000
0.1000
0.1000
0.1000
0.1000
0.1000
0.1000
0.1000
0.1000
0.1000
0.1000
0.1000
0.1000
0.1000
0.1000
0.1000
0.1000
0.1000
0.1000
0.1000
0.1000
0.1000
0.1000
0.1000
0.1000
0.1000
0.1000
0.1000
0.1000
0.1000
0.1000
0.1000
0.1000
0.1000
0.1000
0.1000
0.1000
0.1000
0.1000
0.1000
0.1000
0.1000
0.1000
0.1000
0.1000
0.1000
0.1000
0.1000
0.1000
0.1000
0.1000
0.1000
0.1000
0.1000
0.1000
0.1000
0.1000
0.1000
0.1000
0.1000
0.1000
0.1000
0.1000
0.1000
0.1000
0.1000
0.1000
0.1000
0.1000
0.1000
0.1000
0.1000
0.1000
0.1000
0.1000
0.1000
0.1000
0.1000
0.1000
0.1000
0.1000
0.1000
0.1000
0.1000
0.1000
0.1000
0.1000
0.1000
0.1000
0.1000
0.1000
0.1000
0.1000
0.1000
0.1000
0.1000
0.1000
0.1000
0.1000
0.1000
0.1000
0.1000
0.1000
0.1000
0.1000
0.1000
0.1000
0.1000
0.1000
0.1000
0.1000
0.1000
0.1000
0.1000
0.1000
0.1000
0.1000
0.1000
0.1000
0.1000
0.1000
0.1000
0.1000
0.1000
0.1000
0.1000
0.1000
0.1000
0.1000
0.1000
0.1000
0.1000
0.1000
0.1000
0.1000
0.1000
0.1000
0.1000
0.1000
0.1000
0.1000
0.1000
0.1000
0.1000
0.1000
0.1000
0.1000
0.1000
0.1000
0.1000
0.1000
0.1000
0.1000
0.1000
0.0750
-0.0250
0.0688
0.0980
0.0593
0.0357
0.0632
0.0634
0.0405
0.0427
0.0296
0.0242
0.0332
0.0291
0.0243
0.0218
0.0249
0.0240
0.0223
0.0226
0.0216
0.0210
0.0209
0.0208
0.0198
0.0192
0.0192
0.0188
0.0186
0.0184
0.0179
0.0178
0.0173
0.0173
0.0168
0.0165
0.0158
0.0161
0.0160
0.0156
0.0153
0.0153
0.0150
0.0151
0.0147
0.0146
0.0144
0.0141
0.0142
0.0139
0.0135
0.0134
0.0135
0.0131
0.0132
0.0128
0.0128
0.0126
0.0126
0.0130
0.0122
0.0122
0.0118
0.0118
0.0118
0.0118
0.0118
0.0118
0.0110
0.0110
0.0110
0.0110
0.0110
0.0103
0.0110
0.0103
0.0110
0.0103
0.0102
0.0103
0.0102
0.0103
0.0094
0.0103
0.0094
0.0095
0.0086
0.0087
0.0094
0.0087
0.0086
0.0087
0.0086
0.0087
0.0094
0.0087
0.0079
0.0087
0.0079
0.0087
0.0079
0.0087
0.0079
0.0071
0.0079
0.0071
0.0079
0.0087
0.0079
0.0087
0.0079
0.0071
0.0079
0.0071
0.0079
0.0071
0.0079
0.0071
0.0079
0.0071
0.0079
0.0071
0.0079
0.0071
0.0079
0.0071
0.0079
0.0071
0.0079
0.0071
0.0071
0.0071
0.0071
0.0071
0.0071
0.0071
0.0063
0.0071
0.0071
0.0071
0.0063
0.0071
0.0063
0.0071
0.0063
0.0071
0.0063
0.0063
0.0063
0.0071
0.0063
0.0056
0.0071
0.0056
0.0071
0.0056
0.0063
0.0063
0.0063
0.0063
0.0055
0.0056
0.0055
0.0056
0.0055
0.0056
0.0055
0.0056
0.0055
0.0056
0.0055
0.0056
0.0055
0.0056
0.0055
0.0056
0.0055
0.0056
0.0055
0.0056
0.0055
0.0056
0.0055
0.0056
0.0055
0.0056
0.0051
0.0056
0.0055
0.0056
0.0051
0.0056
0.0055
0.0056
0.0055
0.0048
0.0051
0.0056
0.0051
0.0056
0.0051
0.0048
0.0051
0.0052
0.0051
0.0052
0.0051
0.0052
0.0051
0.0056
0.0047
0.0052
0.0051
0.0052
0.0051
0.0052
0.0051
0.0052
0.0051
0.0052
0.0049
0.0047
0.0051
0.0051
0.0053
0.0051
0.0050
0.0051
0.0052
0.0047
0.0046
0.0044
0.0050
0.0045
0.0050
0.0042
0.0042
0.0045
0.0048
0.0048
0.0045
0.0047
0.0048
0.0044
0.0050
0.0048
0.0045
0.0045
0.0046
0.0043
0.0043
0.0045
0.0043
0.0046
0.0045
0.0043
0.0045
0.0044
0.0046
0.0048
0.0043
0.0043
0.0043
0.0043
0.0043
0.0043
0.0042
0.0042
0.0045
0.0045
0.0042
0.0043
0.0043
0.0042
0.0043
0.0041
0.0042
0.0041
0.0042
0.0041
0.0043
0.0042
0.0041
0.0042
0.0042
0.0040
0.0040
0.0039
0.0042
0.0042
0.0039
0.0041
0.0039
0.0042
0.0042
0.0041
0.0037
0.0040
0.0041
0.0040
0.0039
0.0039
0.0040
0.0039
0.0041
0.0038
0.0039
0.0038
0.0040
0.0042
0.0040
0.0037
0.0038
0.0039
0.0042
0.0038
0.0037
0.0038
0.0038
0.0040
0.0038
0.0035
0.0037
0.0039
0.0037
0.0038
0.0036
0.0037
0.0042
0.0041
0.0041
0.0040
0.0037
0.0036
0.0035
0.0035
0.0031
0.0035
0.0036
0.0035
0.0036
0.0034
0.0035
0.0036
0.0035
0.0033
0.0036
0.0034
0.0035
0.0034
0.0032
0.0034
0.0034
0.0033
0.0034
0.0032
0.0033
0.0033
0.0031
0.0039
0.0029
0.0034
0.0031
0.0031
0.0034
0.0031
0.0031
0.0033
0.0032
0.0031
0.0032
0.0031
0.0033
0.0031
0.0033
0.0029
0.0031
0.0030
0.0031
0.0031
0.0029
0.0029
0.0032
0.0030
0.0031
0.0029
0.0026
0.0030
0.0033
0.0031
0.0027
0.0029
0.0032
0.0030
0.0030
0.0027
0.0028
0.0029
0.0030
0.0028
0.0026
0.0029
0.0030
0.0026
0.0029
0.0026
0.0027
0.0028
0.0029
0.0031
0.0026
0.0028
0.0029
0.0026
0.0028
0.0027
0.0027
0.0024
0.0028
0.0027
0.0025
0.0028
0.0027
0.0027
0.0028
0.0025
0.0026
0.0028
0.0026
0.0025
0.0025
0.0026
0.0027
0.0024
0.0026
0.0023
0.0024
0.0024
0.0027
0.0026
0.0023
0.0025
0.0026
0.0025
0.0025
0.0025
0.0023
0.0024
0.0025
0.0025
0.0023
0.0027
0.0023
0.0024
0.0024
0.0023
0.0024
0.0025
0.0023
0.0027
0.0023
0.0023
0.0023
0.0023
0.0025
0.0022
0.0025
0.0023
0.0025
0.0024
0.0023
0.0025
0.0024
0.0023
0.0023
0.0025
0.0021
0.0024
0.0026
0.0024
0.0024
0.0027
0.0021
0.0026
0.0025
0.0023
0.0022
0.0024
0.0027
0.0026
0.0024
0.0024
0.0022
0.0026
0.0026
0.0023
0.0025
0.0024
0.0022
0.0025
0.0023
0.0023
0.0025
0.0023
0.0025
0.0022
0.0023
0.0024
0.0024
0.0026
0.0021
0.0024
0.0019
0.0024
0.0023
0.0021
0.0021
0.0023
0.0023
0.0024
0.0021
0.0023
0.0021
0.0024
0.0022
0.0021
0.0022
0.0019
0.0023
0.0021
0.0019
0.0019
0.0023
0.0023
0.0020
0.0021
0.0019
0.0019
0.0021
0.0022
0.0020
0.0022
0.0020
0.0023
0.0020
0.0021
0.0021
0.0021
0.0020
0.0021
0.0018
0.0020
0.0019
0.0020
0.0021
0.0019
0.0019
0.0018
0.0021
0.0020
0.0019
0.0018
0.0017
0.0020
0.0019
0.0017
0.0023
0.0008
0.0018
0.0016
0.0014
0.0020
0.0016
0.0019
0.0019
0.0018
0.0019
0.0018
0.0017
0.0019
0.0017
0.0017
0.0018
0.0019
0.0018
0.0018
0.0016
0.0016
0.0019
0.0017
0.0017
0.0018
0.0019
0.0016
0.0018
0.0017
0.0016
0.0017
0.0018
0.0018
0.0016
0.0018
0.0016
0.0018
0.0016
0.0015
0.0015
0.0018
0.0018
0.0020
0.0018
0.0017
0.0013
0.0017
0.0019
0.0015
0.0014
0.0017
0.0017
0.0017
0.0014
0.0014
0.0014
0.0016
0.0014
0.0016
0.0014
0.0015
0.0014
0.0015
0.0013
0.0013
0.0013
0.0015
0.0012
0.0013
0.0009
0.0013
0.0014
0.0015
0.0013
0.0016
0.0013
0.0017
0.0014
0.0015
0.0015
0.0012
0.0014
0.0014
0.0014
0.0015
0.0014
0.0016
0.0014
0.0013
0.0014
0.0014
0.0016
0.0018
0.0014
0.0017
0.0014
0.0014
0.0015
0.0014
0.0014
0.0013
0.0015
0.0015
0.0014
0.0015
0.0012
0.0016
0.0016
0.0014
0.0015
0.0014
0.0015
0.0019
0.0015
0.0016
0.0014
0.0017
0.0014
0.0015
0.0012
0.0015
0.0018
0.0017
0.0016
0.0016
0.0015
0.0019
0.0018
0.0019
0.0018
0.0020
0.0018
0.0018
0.0016
0.0014
0.0016
0.0016
0.0021
0.0010
0.0016
0.0012
0.0015
0.0018
0.0015
0.0015
0.0015
0.0015
0.0018
0.0017
0.0016
0.0018
0.0015
0.0019
0.0012
0.0018
0.0015
0.0017
0.0016
0.0015
0.0015
0.0016
0.0016
0.0018
0.0014
0.0016
0.0016
0.0018
0.0018
0.0015
0.0014
0.0014
0.0020
0.0018
0.0015
0.0016
0.0017
0.0018
0.0016
0.0018
0.0016
0.0017
0.0016
0.0019
0.0015
0.0017
0.0016
0.0018
0.0016
0.0016
0.0015
0.0016
0.0018
0.0019
0.0015
0.0016
0.0017
0.0017
0.0017
0.0015
0.0015
0.0015
0.0017
0.0018
0.0014
0.0016
0.0017
0.0017
0.0017
0.0017
0.0016
0.0016
0.0018
0.0019
0.0012
0.0018
0.0015
0.0019
0.0013
0.0017
0.0011
0.0015
0.0017
0.0019
0.0014
0.0017
0.0017
0.0018
0.0016
0.0014
0.0018
0.0015
0.0017
0.0015
0.0014
0.0015
0.0016
0.0015
0.0015
0.0016
0.0016
0.0017
0.0017
0.0019
0.0016
0.0016
0.0014
0.0016
0.0015
0.0015
0.0015
0.0014
0.0015
0.0014
0.0016
0.0017
0.0013
0.0016
0.0016
0.0016
0.0013
0.0016
0.0015
0.0017
0.0015
0.0015
0.0014
0.0017
0.0016
0.0015
0.0010
0.0014
0.0015
0.0016
0.0012
0.0016
0.0014
0.0017
0.0015
0.0017
0.0014
0.0015
0.0016
0.0014
0.0016
0.0014
0.0014
0.0017
0.0013
0.0013
0.0014
0.0013
0.0015
0.0017
0.0013
0.0012
0.0012
0.0016
0.0014
